muav(1) = 0.0001;
musv(1) = 1.0000;
gv(1) = 1.0000;

muav(2) = 11.4500;
musv(2) = 102.5000;
gv(2) = 0.9000;

muav(3) = 10.0100;
musv(3) = 80.9500;
gv(3) = 0.9000;

muav(4) = 1.3170;
musv(4) = 36.4000;
gv(4) = 0.9000;

muav(5) = 1.3640;
musv(5) = 25.9600;
gv(5) = 0.9000;

muav(6) = 1.0000;
musv(6) = 100.0000;
gv(6) = 0.9000;

