muav(1) = 0.0001;
musv(1) = 1.0000;
gv(1) = 1.0000;

muav(2) = 0.1700;
musv(2) = 23.9600;
gv(2) = 0.9000;

muav(3) = 0.0881;
musv(3) = 16.6200;
gv(3) = 0.9000;

muav(4) = 0.2632;
musv(4) = 16.1800;
gv(4) = 0.9000;

muav(5) = 0.0523;
musv(5) = 13.1500;
gv(5) = 0.9000;

muav(6) = 1.0000;
musv(6) = 100.0000;
gv(6) = 0.9000;

