muav(1) = 0.0001;
musv(1) = 1.0000;
gv(1) = 1.0000;

muav(2) = 5.2330;
musv(2) = 57.7300;
gv(2) = 0.9000;

muav(3) = 4.2670;
musv(3) = 43.9300;
gv(3) = 0.9000;

muav(4) = 0.6882;
musv(4) = 28.9700;
gv(4) = 0.9000;

muav(5) = 1.1030;
musv(5) = 23.4200;
gv(5) = 0.9000;

muav(6) = 1.0000;
musv(6) = 100.0000;
gv(6) = 0.9000;

