muav(1) = 0.0001;
musv(1) = 1.0000;
gv(1) = 1.0000;

muav(2) = 0.0472;
musv(2) = 15.6500;
gv(2) = 0.9000;

muav(3) = 0.0104;
musv(3) = 13.2200;
gv(3) = 0.9000;

muav(4) = 0.1666;
musv(4) = 19.9100;
gv(4) = 0.9000;

muav(5) = 0.0327;
musv(5) = 6.5250;
gv(5) = 0.9000;

muav(6) = 1.0000;
musv(6) = 100.0000;
gv(6) = 0.9000;

